%YAML:1.0
---
K: !!opencv-matrix
   rows: 3
   cols: 3
   dt: d
   data: [ 3.3937255392413317e+02, 0., 3.2324630795545625e+02, 0.,
       3.3940238800824540e+02, 2.4189716867384359e+02, 0., 0., 1. ]
D: !!opencv-matrix
   rows: 1
   cols: 5
   dt: d
   data: [ 5.7235012188089844e-02, -8.7318699923455735e-03,
       -4.9095604647313726e-04, -8.9756157983238247e-04,
       -6.8985376413809307e-02 ]
