%YAML:1.0
---
K: !!opencv-matrix
   rows: 3
   cols: 3
   dt: d
   data: [ 5.2646768058759358e+02, 0., 3.2118786503527190e+02, 0.,
       5.2745916001516127e+02, 2.3483878164259667e+02, 0., 0., 1. ]
D: !!opencv-matrix
   rows: 1
   cols: 5
   dt: d
   data: [ 8.6682327661649988e-02, 4.0989963935553264e-01,
       -1.3760801616607536e-03, 3.7966506942478754e-04,
       -2.3737953869864814e+00 ]
